// Our current output
5,3
2
0
123
0,1,2;3,4,5;6,7,8;
9,10,11;12,13,14;15,16,17;
18,19,20;21,22,23;24,25,26;
27,28,29;30,31,32;33,34,35;
36,37,38;39,40,41;42,43,44;
1
212
100,101,102;103,104,105;106,107,108;
109,110,111;112,113,114;115,116,117;
118,119,120;121,122,123;124,125,126;
127,128,129;130,131,132;133,134,135;
136,137,138;139,140,141;142,143,144;



// tan file structure
0.3		//version number
175 180 0 0 0 0 255 255 255		...			// custom pallot
000 128 128 128 255 0 0 255 95 0 255 ...	// custom pallot
# # # # ...									// custom pallot
2526 10 4				// <no of frames> <row> <col>
00:00.000				// time since beginning when this frame should be sent
0 0 0 0 0 0 0 0 0 0 0 0 		// frame 1 data
...
...
0 0 0 0 0 0 0 0 0 0 0 0
00:00.500						// frame start time
255 0 0 0 0 0 0 ....			// frame 2 data
